1532983239456
1532973409686
1532972046917
1532970178755
1532958590757
1532951165349
1532945507635
1532892418634
1532890860739
1532885191625
1532597040682
1532551334689
1532547581465
1532544672537
1532467624087
1532465155020
1532463612548
1532462175177
1532459939329
1532431547845
1532378145896
1532359035223
1532356616278
1532350147851
1532348335823
1532289462550
1532286979568
1532284709394
1532276693094
1532274047887
1532270286185
1532257054389
1532254858796
1532207109310
1532197453054
1532182639821
1532149340588
1532108705863
1532106971666
1532105419731
1532093697568
1532092213999
1532085687647
1532084386148
1532043737556
1532042606691
1532037647558
1532035470366
1532033545042
1532030176785
1532023374486
1532013740162
1532011314236
1531997517017
1531994352567
1531953030797
1531951678402
1531950038000
1531948697405
1531946630018
1531945381335
1531943061438
1531941700987
1531920861169
1531916430392
1531915579450
1531912898139
1531860102153
1531858588651
1531825070292
1531822036677
1531819512059
1531779150877
1531777836362
1531776442690
1531775052841
1531684014313
1531681592962
1531507353698
1531499675353
1531497911831
1531495983018
1531491306322
1531480495473
1531447562234
1531446531908
1531444474799
1531440518516
1531433619217
1531431134039
1531420082914
1531419270148
1531394745520
1531392619414
1531351147828
1531348200359
1531344984984
1531342005338
1531335669598
1531330971436
1532986737884
1532984503672
1533139935584
1533051195786
1533139935584
1533051195786
1533139935584
1533051195786
1532870851533
1532858889594
1532789616800
1532771206241
1532704289506
1533139935584
1533051195786
1532870851533
1532858889594
1532789616800
1532771206241
1532704289506
1532617898195
1532613126673
1533139935584
1533051195786
1532870851533
1532858889594
1532789616800
1532771206241
1532704289506
1532617898195
1533139935584
1533051195786
1533139935584
1533051195786
1532870851533
1532858889594
1532789616800
1532771206241
1532704289506
1532617898195
1532613126673
1532611565305
1532447216297
1532445698554
1532444500042
1532443087849
1532278244117
1532275005314
1532265806862
1532251100796
1532163060896
1532007539302
1531927433781
1531838116225
1531055996708
1531042464250
1530975978727
1530974590522
1530973413823
1530889099438
1530630669686
1530628410193
1530626551080
1530440068638
1530400605151
1530376148523
1530370461299
1530368429922
1530366968321
1530277348097
1530226360251
1530199732330
1530198443500
1533139935584
1533051195786
